Distancia(m)	Amplitude
0.0000	1.0450
0.0300	1.0412
0.0601	1.0375
0.0901	1.0338
0.1201	1.0301
0.1502	1.0264
0.1802	1.0228
0.2102	1.0191
0.2402	1.0155
0.2703	1.0119
0.3003	1.0082
0.3303	1.0046
0.3604	1.0010
0.3904	0.9975
0.4204	0.9939
0.4505	0.9904
0.4805	0.9868
0.5105	0.9833
0.5405	0.9798
0.5706	0.9763
0.6006	0.9728
0.6306	0.9693
0.6607	0.9659
0.6907	0.9624
0.7207	0.9590
0.7508	0.9555
0.7808	0.9521
0.8108	0.9487
0.8408	0.9453
0.8709	0.9420
0.9009	0.9386
0.9309	0.9352
0.9610	0.9319
0.9910	0.9286
1.0210	0.9253
1.0511	0.9220
1.0811	0.9187
1.1111	0.9154
1.1411	0.9121
1.1712	0.9089
1.2012	0.9056
1.2312	0.9024
1.2613	0.8991
1.2913	0.8959
1.3213	0.8927
1.3514	0.8895
1.3814	0.8864
1.4114	0.8832
1.4414	0.8800
1.4715	0.8769
1.5015	0.8738
1.5315	0.8707
1.5616	0.8675
1.5916	0.8644
1.6216	0.8614
1.6517	0.8583
1.6817	0.8552
1.7117	0.8522
1.7417	0.8491
1.7718	0.8461
1.8018	0.8431
1.8318	0.8400
1.8619	0.8370
1.8919	0.8341
1.9219	0.8311
1.9520	0.8281
1.9820	0.8251
2.0120	0.8222
2.0420	0.8193
2.0721	0.8163
2.1021	0.8134
2.1321	0.8105
2.1622	0.8076
2.1922	0.8047
2.2222	0.8019
2.2523	0.7990
2.2823	0.7961
2.3123	0.7933
2.3423	0.7905
2.3724	0.7876
2.4024	0.7848
2.4324	0.7820
2.4625	0.7792
2.4925	0.7764
2.5225	0.7737
2.5526	0.7709
2.5826	0.7682
2.6126	0.7654
2.6426	0.7627
2.6727	0.7600
2.7027	0.7572
2.7327	0.7545
2.7628	0.7518
2.7928	0.7492
2.8228	0.7465
2.8529	0.7438
2.8829	0.7412
2.9129	0.7385
2.9429	0.7359
2.9730	0.7332
3.0030	0.7306
3.0330	0.7280
3.0631	0.7254
3.0931	0.7228
3.1231	0.7202
3.1532	0.7177
3.1832	0.7151
3.2132	0.7125
3.2432	0.7100
3.2733	0.7075
3.3033	0.7049
3.3333	0.7024
3.3634	0.6999
3.3934	0.6974
3.4234	0.6949
3.4535	0.6924
3.4835	0.6900
3.5135	0.6875
3.5435	0.6850
3.5736	0.6826
3.6036	0.6802
3.6336	0.6777
3.6637	0.6753
3.6937	0.6729
3.7237	0.6705
3.7538	0.6681
3.7838	0.6657
3.8138	0.6633
3.8438	0.6610
3.8739	0.6586
3.9039	0.6563
3.9339	0.6539
3.9640	0.6516
3.9940	0.6492
4.0240	0.6469
4.0541	0.6446
4.0841	0.6423
4.1141	0.6400
4.1441	0.6377
4.1742	0.6355
4.2042	0.6332
4.2342	0.6309
4.2643	0.6287
4.2943	0.6264
4.3243	0.6242
4.3544	0.6220
4.3844	0.6197
4.4144	0.6175
4.4444	0.6153
4.4745	0.6131
4.5045	0.6109
4.5345	0.6087
4.5646	0.6066
4.5946	0.6044
4.6246	0.6022
4.6547	0.6001
4.6847	0.5979
4.7147	0.5958
4.7447	0.5937
4.7748	0.5916
4.8048	0.5894
4.8348	0.5873
4.8649	0.5852
4.8949	0.5832
4.9249	0.5811
4.9550	0.5790
4.9850	0.5769
5.0150	0.5749
5.0450	0.5728
5.0751	0.5708
5.1051	0.5687
5.1351	0.5667
5.1652	0.5647
5.1952	0.5627
5.2252	0.5606
5.2553	0.5586
5.2853	0.5566
5.3153	0.5547
5.3453	0.5527
5.3754	0.5507
5.4054	0.5487
5.4354	0.5468
5.4655	0.5448
5.4955	0.5429
5.5255	0.5409
5.5556	0.5390
5.5856	0.5371
5.6156	0.5352
5.6456	0.5333
5.6757	0.5313
5.7057	0.5294
5.7357	0.5276
5.7658	0.5257
5.7958	0.5238
5.8258	0.5219
5.8559	0.5201
5.8859	0.5182
5.9159	0.5163
5.9459	0.5145
5.9760	0.5127
6.0060	0.5108
6.0360	0.5090
6.0661	0.5072
6.0961	0.5054
6.1261	0.5036
6.1562	0.5018
6.1862	0.5000
6.2162	0.4982
6.2462	0.4964
6.2763	0.4946
6.3063	0.4929
6.3363	0.4911
6.3664	0.4894
6.3964	0.4876
6.4264	0.4859
6.4565	0.4841
6.4865	0.4824
6.5165	0.4807
6.5465	0.4790
6.5766	0.4773
6.6066	0.4756
6.6366	0.4739
6.6667	0.4722
6.6967	0.4705
6.7267	0.4688
6.7568	0.4671
6.7868	0.4655
6.8168	0.4638
6.8468	0.4621
6.8769	0.4605
6.9069	0.4588
6.9369	0.4572
6.9670	0.4556
6.9970	0.4539
7.0270	0.4523
7.0571	0.4507
7.0871	0.4491
7.1171	0.4475
7.1471	0.4459
7.1772	0.4443
7.2072	0.4427
7.2372	0.4411
7.2673	0.4396
7.2973	0.4380
7.3273	0.4364
7.3574	0.4349
7.3874	0.4333
7.4174	0.4318
7.4474	0.4302
7.4775	0.4287
7.5075	0.4271
7.5375	0.4256
7.5676	0.4241
7.5976	0.4226
7.6276	0.4211
7.6577	0.4196
7.6877	0.4181
7.7177	0.4166
7.7477	0.4151
7.7778	0.4136
7.8078	0.4121
7.8378	0.4107
7.8679	0.4092
7.8979	0.4077
7.9279	0.4063
7.9580	0.4048
7.9880	0.4034
8.0180	0.4019
8.0480	0.4005
8.0781	0.3991
8.1081	0.3976
8.1381	0.3962
8.1682	0.3948
8.1982	0.3934
8.2282	0.3920
8.2583	0.3906
8.2883	0.3892
8.3183	0.3878
8.3483	0.3864
8.3784	0.3850
8.4084	0.3837
8.4384	0.3823
8.4685	0.3809
8.4985	0.3796
8.5285	0.3782
8.5586	0.3769
8.5886	0.3755
8.6186	0.3742
8.6486	0.3728
8.6787	0.3715
8.7087	0.3702
8.7387	0.3689
8.7688	0.3675
8.7988	0.3662
8.8288	0.3649
8.8589	0.3636
8.8889	0.3623
8.9189	0.3610
8.9489	0.3597
8.9790	0.3584
9.0090	0.3572
9.0390	0.3559
9.0691	0.3546
9.0991	0.3534
9.1291	0.3521
9.1592	0.3508
9.1892	0.3496
9.2192	0.3483
9.2492	0.3471
9.2793	0.3458
9.3093	0.3446
9.3393	0.3434
9.3694	0.3422
9.3994	0.3409
9.4294	0.3397
9.4595	0.3385
9.4895	0.3373
9.5195	0.3361
9.5495	0.3349
9.5796	0.3337
9.6096	0.3325
9.6396	0.3313
9.6697	0.3301
9.6997	0.3289
9.7297	0.3278
9.7598	0.3266
9.7898	0.3254
9.8198	0.3243
9.8498	0.3231
9.8799	0.3220
9.9099	0.3208
9.9399	0.3197
9.9700	0.3185
10.0000	0.3174
10.0300	0.3163
10.0601	0.3151
10.0901	0.3140
10.1201	0.3129
10.1502	0.3118
10.1802	0.3106
10.2102	0.3095
10.2402	0.3084
10.2703	0.3073
10.3003	0.3062
10.3303	0.3051
10.3604	0.3040
10.3904	0.3030
10.4204	0.3019
10.4505	0.3008
10.4805	0.2997
10.5105	0.2987
10.5405	0.2976
10.5706	0.2965
10.6006	0.2955
10.6306	0.2944
10.6607	0.2934
10.6907	0.2923
10.7207	0.2913
10.7508	0.2902
10.7808	0.2892
10.8108	0.2882
10.8408	0.2871
10.8709	0.2861
10.9009	0.2851
10.9309	0.2841
10.9610	0.2830
10.9910	0.2820
11.0210	0.2810
11.0511	0.2800
11.0811	0.2790
11.1111	0.2780
11.1411	0.2770
11.1712	0.2760
11.2012	0.2751
11.2312	0.2741
11.2613	0.2731
11.2913	0.2721
11.3213	0.2711
11.3514	0.2702
11.3814	0.2692
11.4114	0.2683
11.4414	0.2673
11.4715	0.2663
11.5015	0.2654
11.5315	0.2644
11.5616	0.2635
11.5916	0.2626
11.6216	0.2616
11.6517	0.2607
11.6817	0.2597
11.7117	0.2588
11.7417	0.2579
11.7718	0.2570
11.8018	0.2561
11.8318	0.2551
11.8619	0.2542
11.8919	0.2533
11.9219	0.2524
11.9520	0.2515
11.9820	0.2506
12.0120	0.2497
12.0420	0.2488
12.0721	0.2479
12.1021	0.2471
12.1321	0.2462
12.1622	0.2453
12.1922	0.2444
12.2222	0.2435
12.2523	0.2427
12.2823	0.2418
12.3123	0.2409
12.3423	0.2401
12.3724	0.2392
12.4024	0.2384
12.4324	0.2375
12.4625	0.2367
12.4925	0.2358
12.5225	0.2350
12.5526	0.2341
12.5826	0.2333
12.6126	0.2325
12.6426	0.2316
12.6727	0.2308
12.7027	0.2300
12.7327	0.2292
12.7628	0.2284
12.7928	0.2275
12.8228	0.2267
12.8529	0.2259
12.8829	0.2251
12.9129	0.2243
12.9429	0.2235
12.9730	0.2227
13.0030	0.2219
13.0330	0.2211
13.0631	0.2203
13.0931	0.2195
13.1231	0.2188
13.1532	0.2180
13.1832	0.2172
13.2132	0.2164
13.2432	0.2156
13.2733	0.2149
13.3033	0.2141
13.3333	0.2133
13.3634	0.2126
13.3934	0.2118
13.4234	0.2111
13.4535	0.2103
13.4835	0.2096
13.5135	0.2088
13.5435	0.2081
13.5736	0.2073
13.6036	0.2066
13.6336	0.2058
13.6637	0.2051
13.6937	0.2044
13.7237	0.2036
13.7538	0.2029
13.7838	0.2022
13.8138	0.2015
13.8438	0.2008
13.8739	0.2000
13.9039	0.1993
13.9339	0.1986
13.9640	0.1979
13.9940	0.1972
14.0240	0.1965
14.0541	0.1958
14.0841	0.1951
14.1141	0.1944
14.1441	0.1937
14.1742	0.1930
14.2042	0.1923
14.2342	0.1916
14.2643	0.1909
14.2943	0.1903
14.3243	0.1896
14.3544	0.1889
14.3844	0.1882
14.4144	0.1876
14.4444	0.1869
14.4745	0.1862
14.5045	0.1856
14.5345	0.1849
14.5646	0.1842
14.5946	0.1836
14.6246	0.1829
14.6547	0.1823
14.6847	0.1816
14.7147	0.1810
14.7447	0.1803
14.7748	0.1797
14.8048	0.1790
14.8348	0.1784
14.8649	0.1778
14.8949	0.1771
14.9249	0.1765
14.9550	0.1759
14.9850	0.1752
15.0150	0.1746
15.0450	0.1740
15.0751	0.1734
15.1051	0.1727
15.1351	0.1721
15.1652	0.1715
15.1952	0.1709
15.2252	0.1703
15.2553	0.1697
15.2853	0.1691
15.3153	0.1685
15.3453	0.1679
15.3754	0.1673
15.4054	0.1667
15.4354	0.1661
15.4655	0.1655
15.4955	0.1649
15.5255	0.1643
15.5556	0.1637
15.5856	0.1631
15.6156	0.1625
15.6456	0.1620
15.6757	0.1614
15.7057	0.1608
15.7357	0.1602
15.7658	0.1597
15.7958	0.1591
15.8258	0.1585
15.8559	0.1580
15.8859	0.1574
15.9159	0.1568
15.9459	0.1563
15.9760	0.1557
16.0060	0.1552
16.0360	0.1546
16.0661	0.1540
16.0961	0.1535
16.1261	0.1529
16.1562	0.1524
16.1862	0.1519
16.2162	0.1513
16.2462	0.1508
16.2763	0.1502
16.3063	0.1497
16.3363	0.1492
16.3664	0.1486
16.3964	0.1481
16.4264	0.1476
16.4565	0.1470
16.4865	0.1465
16.5165	0.1460
16.5465	0.1455
16.5766	0.1450
16.6066	0.1444
16.6366	0.1439
16.6667	0.1434
16.6967	0.1429
16.7267	0.1424
16.7568	0.1419
16.7868	0.1414
16.8168	0.1409
16.8468	0.1404
16.8769	0.1399
16.9069	0.1394
16.9369	0.1389
16.9670	0.1384
16.9970	0.1379
17.0270	0.1374
17.0571	0.1369
17.0871	0.1364
17.1171	0.1359
17.1471	0.1354
17.1772	0.1349
17.2072	0.1345
17.2372	0.1340
17.2673	0.1335
17.2973	0.1330
17.3273	0.1326
17.3574	0.1321
17.3874	0.1316
17.4174	0.1311
17.4474	0.1307
17.4775	0.1302
17.5075	0.1297
17.5375	0.1293
17.5676	0.1288
17.5976	0.1283
17.6276	0.1279
17.6577	0.1274
17.6877	0.1270
17.7177	0.1265
17.7477	0.1261
17.7778	0.1256
17.8078	0.1252
17.8378	0.1247
17.8679	0.1243
17.8979	0.1238
17.9279	0.1234
17.9580	0.1230
17.9880	0.1225
18.0180	0.1221
18.0480	0.1216
18.0781	0.1212
18.1081	0.1208
18.1381	0.1203
18.1682	0.1199
18.1982	0.1195
18.2282	0.1191
18.2583	0.1186
18.2883	0.1182
18.3183	0.1178
18.3483	0.1174
18.3784	0.1169
18.4084	0.1165
18.4384	0.1161
18.4685	0.1157
18.4985	0.1153
18.5285	0.1149
18.5586	0.1145
18.5886	0.1141
18.6186	0.1136
18.6486	0.1132
18.6787	0.1128
18.7087	0.1124
18.7387	0.1120
18.7688	0.1116
18.7988	0.1112
18.8288	0.1108
18.8589	0.1104
18.8889	0.1100
18.9189	0.1097
18.9489	0.1093
18.9790	0.1089
19.0090	0.1085
19.0390	0.1081
19.0691	0.1077
19.0991	0.1073
19.1291	0.1069
19.1592	0.1066
19.1892	0.1062
19.2192	0.1058
19.2492	0.1054
19.2793	0.1050
19.3093	0.1047
19.3393	0.1043
19.3694	0.1039
19.3994	0.1035
19.4294	0.1032
19.4595	0.1028
19.4895	0.1024
19.5195	0.1021
19.5495	0.1017
19.5796	0.1013
19.6096	0.1010
19.6396	0.1006
19.6697	0.1003
19.6997	0.0999
19.7297	0.0996
19.7598	0.0992
19.7898	0.0988
19.8198	0.0985
19.8498	0.0981
19.8799	0.0978
19.9099	0.0974
19.9399	0.0971
19.9700	0.0967
20.0000	0.0964
20.0300	0.0961
20.0601	0.0957
20.0901	0.0954
20.1201	0.0950
20.1502	0.0947
20.1802	0.0943
20.2102	0.0940
20.2402	0.0937
20.2703	0.0933
20.3003	0.0930
20.3303	0.0927
20.3604	0.0923
20.3904	0.0920
20.4204	0.0917
20.4505	0.0914
20.4805	0.0910
20.5105	0.0907
20.5405	0.0904
20.5706	0.0901
20.6006	0.0897
20.6306	0.0894
20.6607	0.0891
20.6907	0.0888
20.7207	0.0885
20.7508	0.0881
20.7808	0.0878
20.8108	0.0875
20.8408	0.0872
20.8709	0.0869
20.9009	0.0866
20.9309	0.0863
20.9610	0.0860
20.9910	0.0857
21.0210	0.0854
21.0511	0.0850
21.0811	0.0847
21.1111	0.0844
21.1411	0.0841
21.1712	0.0838
21.2012	0.0835
21.2312	0.0832
21.2613	0.0829
21.2913	0.0826
21.3213	0.0824
21.3514	0.0821
21.3814	0.0818
21.4114	0.0815
21.4414	0.0812
21.4715	0.0809
21.5015	0.0806
21.5315	0.0803
21.5616	0.0800
21.5916	0.0797
21.6216	0.0795
21.6517	0.0792
21.6817	0.0789
21.7117	0.0786
21.7417	0.0783
21.7718	0.0780
21.8018	0.0778
21.8318	0.0775
21.8619	0.0772
21.8919	0.0769
21.9219	0.0767
21.9520	0.0764
21.9820	0.0761
22.0120	0.0758
22.0420	0.0756
22.0721	0.0753
22.1021	0.0750
22.1321	0.0748
22.1622	0.0745
22.1922	0.0742
22.2222	0.0740
22.2523	0.0737
22.2823	0.0734
22.3123	0.0732
22.3423	0.0729
22.3724	0.0727
22.4024	0.0724
22.4324	0.0721
22.4625	0.0719
22.4925	0.0716
22.5225	0.0714
22.5526	0.0711
22.5826	0.0709
22.6126	0.0706
22.6426	0.0704
22.6727	0.0701
22.7027	0.0699
22.7327	0.0696
22.7628	0.0694
22.7928	0.0691
22.8228	0.0689
22.8529	0.0686
22.8829	0.0684
22.9129	0.0681
22.9429	0.0679
22.9730	0.0676
23.0030	0.0674
23.0330	0.0672
23.0631	0.0669
23.0931	0.0667
23.1231	0.0664
23.1532	0.0662
23.1832	0.0660
23.2132	0.0657
23.2432	0.0655
23.2733	0.0653
23.3033	0.0650
23.3333	0.0648
23.3634	0.0646
23.3934	0.0643
23.4234	0.0641
23.4535	0.0639
23.4835	0.0636
23.5135	0.0634
23.5435	0.0632
23.5736	0.0630
23.6036	0.0627
23.6336	0.0625
23.6637	0.0623
23.6937	0.0621
23.7237	0.0619
23.7538	0.0616
23.7838	0.0614
23.8138	0.0612
23.8438	0.0610
23.8739	0.0608
23.9039	0.0605
23.9339	0.0603
23.9640	0.0601
23.9940	0.0599
24.0240	0.0597
24.0541	0.0595
24.0841	0.0593
24.1141	0.0590
24.1441	0.0588
24.1742	0.0586
24.2042	0.0584
24.2342	0.0582
24.2643	0.0580
24.2943	0.0578
24.3243	0.0576
24.3544	0.0574
24.3844	0.0572
24.4144	0.0570
24.4444	0.0568
24.4745	0.0566
24.5045	0.0564
24.5345	0.0562
24.5646	0.0560
24.5946	0.0558
24.6246	0.0556
24.6547	0.0554
24.6847	0.0552
24.7147	0.0550
24.7447	0.0548
24.7748	0.0546
24.8048	0.0544
24.8348	0.0542
24.8649	0.0540
24.8949	0.0538
24.9249	0.0536
24.9550	0.0534
24.9850	0.0532
25.0150	0.0530
25.0450	0.0528
25.0751	0.0527
25.1051	0.0525
25.1351	0.0523
25.1652	0.0521
25.1952	0.0519
25.2252	0.0517
25.2553	0.0515
25.2853	0.0514
25.3153	0.0512
25.3453	0.0510
25.3754	0.0508
25.4054	0.0506
25.4354	0.0504
25.4655	0.0503
25.4955	0.0501
25.5255	0.0499
25.5556	0.0497
25.5856	0.0495
25.6156	0.0494
25.6456	0.0492
25.6757	0.0490
25.7057	0.0488
25.7357	0.0487
25.7658	0.0485
25.7958	0.0483
25.8258	0.0481
25.8559	0.0480
25.8859	0.0478
25.9159	0.0476
25.9459	0.0475
25.9760	0.0473
26.0060	0.0471
26.0360	0.0470
26.0661	0.0468
26.0961	0.0466
26.1261	0.0465
26.1562	0.0463
26.1862	0.0461
26.2162	0.0460
26.2462	0.0458
26.2763	0.0456
26.3063	0.0455
26.3363	0.0453
26.3664	0.0451
26.3964	0.0450
26.4264	0.0448
26.4565	0.0447
26.4865	0.0445
26.5165	0.0443
26.5465	0.0442
26.5766	0.0440
26.6066	0.0439
26.6366	0.0437
26.6667	0.0436
26.6967	0.0434
26.7267	0.0432
26.7568	0.0431
26.7868	0.0429
26.8168	0.0428
26.8468	0.0426
26.8769	0.0425
26.9069	0.0423
26.9369	0.0422
26.9670	0.0420
26.9970	0.0419
27.0270	0.0417
27.0571	0.0416
27.0871	0.0414
27.1171	0.0413
27.1471	0.0411
27.1772	0.0410
27.2072	0.0408
27.2372	0.0407
27.2673	0.0405
27.2973	0.0404
27.3273	0.0403
27.3574	0.0401
27.3874	0.0400
27.4174	0.0398
27.4474	0.0397
27.4775	0.0395
27.5075	0.0394
27.5375	0.0393
27.5676	0.0391
27.5976	0.0390
27.6276	0.0388
27.6577	0.0387
27.6877	0.0386
27.7177	0.0384
27.7477	0.0383
27.7778	0.0382
27.8078	0.0380
27.8378	0.0379
27.8679	0.0377
27.8979	0.0376
27.9279	0.0375
27.9580	0.0373
27.9880	0.0372
28.0180	0.0371
28.0480	0.0369
28.0781	0.0368
28.1081	0.0367
28.1381	0.0366
28.1682	0.0364
28.1982	0.0363
28.2282	0.0362
28.2583	0.0360
28.2883	0.0359
28.3183	0.0358
28.3483	0.0356
28.3784	0.0355
28.4084	0.0354
28.4384	0.0353
28.4685	0.0351
28.4985	0.0350
28.5285	0.0349
28.5586	0.0348
28.5886	0.0346
28.6186	0.0345
28.6486	0.0344
28.6787	0.0343
28.7087	0.0341
28.7387	0.0340
28.7688	0.0339
28.7988	0.0338
28.8288	0.0337
28.8589	0.0335
28.8889	0.0334
28.9189	0.0333
28.9489	0.0332
28.9790	0.0331
29.0090	0.0329
29.0390	0.0328
29.0691	0.0327
29.0991	0.0326
29.1291	0.0325
29.1592	0.0324
29.1892	0.0322
29.2192	0.0321
29.2492	0.0320
29.2793	0.0319
29.3093	0.0318
29.3393	0.0317
29.3694	0.0316
29.3994	0.0315
29.4294	0.0313
29.4595	0.0312
29.4895	0.0311
29.5195	0.0310
29.5495	0.0309
29.5796	0.0308
29.6096	0.0307
29.6396	0.0306
29.6697	0.0305
29.6997	0.0303
29.7297	0.0302
29.7598	0.0301
29.7898	0.0300
29.8198	0.0299
29.8498	0.0298
29.8799	0.0297
29.9099	0.0296
29.9399	0.0295
29.9700	0.0294
30.0000	0.0293
